              precision    recall  f1-score   support

           1       0.97      0.91      0.94        34
           2       0.84      0.90      0.87        30
           3       0.76      0.94      0.84        31
           4       1.00      0.89      0.94        38
           5       0.81      0.94      0.87        31
           6       1.00      0.94      0.97        31
           7       1.00      0.96      0.98        26
           8       0.86      0.86      0.86        28
           9       0.97      0.97      0.97        31
          10       0.73      0.91      0.81        33
          11       0.55      0.77      0.64        35
          12       1.00      0.90      0.95        30
          13       0.80      0.90      0.85        31
          15       1.00      0.94      0.97        36
          16       0.81      0.71      0.76        31
          17       0.90      1.00      0.95        28
          18       1.00      0.95      0.97        38
          19       1.00      1.00      1.00        37
          20       0.94      0.94      0.94        35
          21       0.92      0.85      0.88        26
          22       0.93      1.00      0.96        38
          23       0.88      1.00      0.94        29
          24       1.00      0.92      0.96        38
          25       0.88      0.84      0.86        25
          26       1.00      0.97      0.98        33
          27       1.00      0.87      0.93        31
          28       0.84      0.84      0.84        32
          29       0.97      0.94      0.96        35
          30       0.97      0.95      0.96        38
          31       1.00      0.82      0.90        33
          32       0.93      0.89      0.91        28
          33       1.00      0.94      0.97        32
          34       0.91      0.91      0.91        35
          35       0.91      0.97      0.94        30
          36       0.96      0.76      0.85        29
          37       0.96      0.87      0.91        30
          38       0.97      0.97      0.97        31
          39       1.00      0.97      0.98        29

   micro avg       0.91      0.91      0.91      1216
   macro avg       0.92      0.91      0.91      1216
weighted avg       0.92      0.91      0.91      1216
