              precision    recall  f1-score   support

           1       1.00      0.94      0.97        32
           2       1.00      0.97      0.99        36
           3       0.97      0.89      0.93        36
           4       0.97      0.97      0.97        34
           5       1.00      1.00      1.00        31
           6       1.00      1.00      1.00        35
           7       0.89      0.94      0.91        34
           8       0.86      1.00      0.92        30
           9       0.97      1.00      0.98        29
          10       0.94      0.94      0.94        36
          11       0.97      0.97      0.97        30
          12       1.00      1.00      1.00        26
          13       0.97      0.94      0.96        36
          15       1.00      0.97      0.98        30
          16       0.76      0.93      0.84        28
          17       0.96      1.00      0.98        27
          18       0.97      1.00      0.98        30
          19       0.72      1.00      0.84        33
          20       0.91      0.85      0.88        34
          21       1.00      0.88      0.94        34
          22       1.00      0.94      0.97        36
          23       1.00      0.97      0.98        33
          24       1.00      0.93      0.96        29
          25       0.94      0.97      0.96        34
          26       0.94      0.94      0.94        32
          27       1.00      0.97      0.98        32
          28       1.00      0.97      0.98        32
          29       0.94      0.94      0.94        33
          30       0.96      0.77      0.86        35
          31       0.97      1.00      0.98        29
          32       0.94      1.00      0.97        31
          33       1.00      1.00      1.00        32
          34       0.90      0.97      0.93        29
          35       0.94      0.91      0.93        35
          36       0.96      0.80      0.87        30
          37       1.00      0.93      0.97        30
          38       0.94      1.00      0.97        30
          39       0.97      0.94      0.95        33

   micro avg       0.95      0.95      0.95      1216
   macro avg       0.95      0.95      0.95      1216
weighted avg       0.95      0.95      0.95      1216
