              precision    recall  f1-score   support

           1       1.00      1.00      1.00         9
           2       1.00      1.00      1.00        15
           3       1.00      0.87      0.93        15
           4       1.00      1.00      1.00         9
           5       1.00      1.00      1.00        14
           6       1.00      1.00      1.00        18
           7       0.86      1.00      0.92        12
           8       1.00      1.00      1.00        13
           9       1.00      0.92      0.96        12
          10       0.93      1.00      0.96        13
          11       1.00      0.93      0.96        14
          12       1.00      1.00      1.00        10
          13       1.00      1.00      1.00        19
          15       1.00      1.00      1.00        14
          16       0.89      0.94      0.91        17
          17       0.82      1.00      0.90         9
          18       0.90      1.00      0.95         9
          19       1.00      0.95      0.97        19
          20       1.00      0.92      0.96        13
          21       1.00      0.90      0.95        10
          22       1.00      0.86      0.92        21
          23       0.93      1.00      0.97        14
          24       0.90      1.00      0.95         9
          25       0.91      1.00      0.95        10
          26       1.00      1.00      1.00        12
          27       1.00      1.00      1.00        12
          28       0.93      0.93      0.93        14
          29       1.00      1.00      1.00        13
          30       1.00      1.00      1.00        13
          31       0.92      1.00      0.96        11
          32       1.00      0.92      0.96        13
          33       1.00      1.00      1.00        11
          34       0.92      1.00      0.96        12
          35       1.00      0.82      0.90        11
          36       1.00      0.92      0.96        12
          37       0.92      1.00      0.96        12
          38       0.93      1.00      0.97        14
          39       1.00      1.00      1.00         9

   micro avg       0.97      0.97      0.97       487
   macro avg       0.97      0.97      0.97       487
weighted avg       0.97      0.97      0.97       487
