              precision    recall  f1-score   support

           1       0.89      0.78      0.83        51
           2       1.00      0.70      0.82        53
           3       0.82      0.84      0.83        50
           4       0.81      0.85      0.83        52
           5       0.72      1.00      0.84        49
           6       0.95      0.75      0.84        52
           7       0.69      0.65      0.67        54
           8       0.84      0.86      0.85        49
           9       0.93      0.83      0.88        52
          10       0.65      0.76      0.70        55
          11       0.90      0.89      0.90        53
          12       0.95      0.93      0.94        45
          13       0.95      0.80      0.87        46
          15       0.88      0.96      0.92        48
          16       0.78      0.81      0.79        52
          17       0.68      0.57      0.62        56
          18       0.91      0.96      0.93        52
          19       0.80      0.94      0.87        48
          20       0.72      0.71      0.71        51
          21       0.86      0.81      0.83        53
          22       0.79      0.80      0.80        51
          23       0.80      0.87      0.83        52
          24       0.80      0.82      0.81        55
          25       0.91      0.71      0.80        55
          26       0.77      0.94      0.85        53
          27       0.98      0.91      0.94        53
          28       0.88      0.86      0.87        50
          29       0.97      0.65      0.78        51
          30       0.81      0.88      0.85        50
          31       0.89      0.98      0.93        48
          32       0.95      0.76      0.85        51
          33       0.81      0.80      0.81        55
          34       0.86      0.89      0.88        47
          35       0.65      0.89      0.75        46
          36       0.72      0.81      0.76        53
          37       0.85      0.78      0.82        51
          38       0.72      0.82      0.77        51
          39       0.75      0.79      0.77        53

   micro avg       0.82      0.82      0.82      1946
   macro avg       0.83      0.83      0.82      1946
weighted avg       0.83      0.82      0.82      1946
