              precision    recall  f1-score   support

           1       0.95      0.73      0.82        51
           2       0.71      0.92      0.80        49
           3       0.58      0.86      0.69        50
           4       1.00      0.63      0.77        57
           5       0.91      0.78      0.84        54
           6       0.98      0.81      0.89        54
           7       0.87      0.87      0.87        52
           8       0.58      0.91      0.71        54
           9       0.61      0.80      0.69        50
          10       0.93      0.71      0.81        56
          11       0.96      0.86      0.91        50
          12       0.93      0.84      0.88        50
          13       0.98      0.80      0.88        55
          15       0.96      0.80      0.87        55
          16       0.34      0.80      0.48        46
          17       1.00      0.76      0.87        55
          18       0.94      0.98      0.96        48
          19       1.00      0.81      0.90        53
          20       1.00      0.76      0.86        54
          21       0.68      0.80      0.74        49
          22       1.00      0.78      0.88        54
          23       0.85      0.98      0.91        48
          24       0.96      0.82      0.88        55
          25       1.00      0.82      0.90        51
          26       0.88      0.94      0.91        48
          27       1.00      0.85      0.92        53
          28       0.87      0.87      0.87        54
          29       0.88      0.90      0.89        51
          30       0.62      0.89      0.73        45
          31       0.94      0.94      0.94        54
          32       0.56      0.73      0.63        44
          33       0.86      0.92      0.89        52
          34       0.87      0.85      0.86        46
          35       1.00      0.72      0.84        54
          36       0.91      0.57      0.70        53
          37       0.93      0.83      0.88        47
          38       0.83      0.89      0.86        45
          39       0.98      0.96      0.97        50

   micro avg       0.83      0.83      0.83      1946
   macro avg       0.86      0.83      0.83      1946
weighted avg       0.87      0.83      0.84      1946
