              precision    recall  f1-score   support

           1       0.90      0.90      0.90        10
           2       1.00      0.93      0.96        14
           3       0.65      1.00      0.79        11
           4       0.92      1.00      0.96        11
           5       1.00      1.00      1.00        14
           6       1.00      0.93      0.97        15
           7       1.00      0.93      0.96        14
           8       0.83      1.00      0.91        10
           9       1.00      0.88      0.93        16
          10       0.90      0.90      0.90        10
          11       1.00      0.79      0.88        14
          12       1.00      0.92      0.96        13
          13       0.74      1.00      0.85        14
          15       1.00      0.90      0.95        10
          16       0.82      0.82      0.82        11
          17       1.00      0.83      0.91        12
          18       1.00      0.88      0.94        17
          19       1.00      1.00      1.00         5
          20       0.93      1.00      0.97        14
          21       0.94      0.94      0.94        16
          22       0.92      1.00      0.96        12
          23       1.00      1.00      1.00        13
          24       1.00      1.00      1.00        13
          25       0.62      0.76      0.68        17
          26       1.00      0.93      0.96        14
          27       0.93      0.93      0.93        14
          28       0.94      1.00      0.97        15
          29       1.00      1.00      1.00        11
          30       1.00      1.00      1.00        11
          31       1.00      1.00      1.00        15
          32       0.91      1.00      0.95        10
          33       1.00      1.00      1.00        14
          34       0.94      0.94      0.94        18
          35       1.00      1.00      1.00         9
          36       1.00      0.82      0.90        11
          37       1.00      0.70      0.82        10
          38       1.00      0.93      0.97        15
          39       1.00      0.93      0.96        14

   micro avg       0.93      0.93      0.93       487
   macro avg       0.94      0.93      0.94       487
weighted avg       0.94      0.93      0.93       487
